4294967278,289
18,2
4294967279,135
4294967278,134
18,5
18,4
4294967294,1435
17,6
4294967278,133
4294967279,447
4294967279,282
4294967279,272
4294967278,268
4294967278,288
4294967279,267
4294967278,287
4294967278,263
2,5
4294967279,265
4294967294,1087
4294967294,385
4294967294,411
4294967294,1078
4294967294,420
4294967294,460
4294967294,184
4294967294,467
4294967294,450
4294967294,1429
4294967294,1431
4294967278,257
4294967279,259
98,6
98,5
98,4
98,3
98,2
98,1
17,5
17,4
4294967294,475
4294967294,1428
4294967279,251
4294967279,247
4294967278,381
4294967279,245
4294967279,242
4294967279,238
4294967278,380
4294967278,230
4294967279,227
4294967278,225
4294967279,222
4294967278,220
4294967278,218
4294967279,217
4294967278,215
4294967279,213
4294967278,211
4294967279,211
4294967279,210
4294967294,1430
4294967279,207
4294967278,205
4294967278,204
4294967279,204
12,6
12,5
12,4
4294967279,202
4294967279,201
4294967294,104
4294967294,106
4294967294,183
4294967294,176
4294967278,199
12,2
4294967278,379
4294967278,378
4294967278,377
3,2
4294967279,195
4294967278,191
3,7
4294967279,192
4294967278,376
4294967279,190
4294967278,375
4294967279,189
4294967294,1166
4294967279,184
3,4
3,5
2,4
4294967293,131
4294967293,130
4294967293,129
4294967293,128
4294967293,127
4294967293,126
4294967293,125
4294967293,124
4294967293,123
4294967293,122
4294967293,121
4294967293,120
4294967293,119
4294967293,118
4294967293,117
4294967293,116
4294967293,115
4294967293,114
4294967293,113
4294967293,112
4294967293,111
4294967293,110
4294967293,109
4294967293,108
4294967293,107
4294967293,106
4294967293,105
4294967293,104
4294967293,103
4294967293,102
4294967293,101
4294967293,100
4294967293,99
4294967293,98
4294967293,97
4294967293,96
4294967293,95
4294967293,94
4294967293,93
4294967293,92
4294967293,91
4294967293,90
4294967293,89
4294967293,87
4294967293,86
4294967293,85
4294967293,84
4294967293,83
4294967293,82
4294967293,81
4294967293,80
4294967293,79
4294967293,78
4294967293,77
4294967293,76
4294967293,75
4294967293,74
4294967293,73
4294967293,72
4294967293,71
4294967293,70
4294967293,69
4294967293,68
4294967293,67
4294967293,66
4294967293,65
4294967293,64
4294967293,63
4294967293,62
4294967293,61
4294967293,60
4294967293,59
4294967293,58
4294967293,57
4294967293,56
4294967293,55
4294967293,54
4294967293,53
4294967293,52
4294967293,51
4294967293,50
4294967293,49
4294967293,48
4294967293,47
4294967293,46
4294967293,45
4294967293,44
4294967293,43
4294967293,42
4294967293,41
4294967293,40
4294967293,39
4294967293,38
4294967293,37
4294967293,36
4294967293,35
4294967293,34
4294967293,33
4294967293,32
4294967293,31
4294967293,30
4294967293,29
4294967293,28
4294967293,27
4294967293,26
4294967293,25
4294967293,24
4294967293,23
4294967293,22
4294967293,21
4294967293,20
4294967293,19
4294967293,18
4294967293,17
4294967293,16
4294967293,15
4294967293,14
4294967293,13
4294967293,12
4294967293,11
4294967293,10
4294967293,9
4294967293,8
4294967293,7
4294967293,6
4294967293,5
4294967293,4
4294967293,3
4294967278,174
4294967279,126
4294967279,124
4294967279,122
4294967279,120
4294967279,119
4294967279,118
4294967279,114
4294967279,112
4294967279,109
4294967279,108
4294967279,174
4294967279,106
4294967279,103
4294967279,102
4294967279,101
4294967279,100
4294967279,99
4294967279,98
4294967279,97
4294967279,96
4294967279,94
4294967279,93
4294967279,92
4294967279,91
4294967279,90
4294967279,89
4294967279,87
4294967279,86
4294967279,85
4294967279,84
4294967279,83
4294967279,82
4294967279,81
4294967279,80
4294967279,79
4294967279,78
4294967279,77
4294967279,76
4294967279,75
4294967279,74
4294967279,73
4294967279,72
4294967279,71
4294967279,70
4294967279,69
4294967279,68
4294967279,66
4294967279,62
4294967279,51
4294967279,44
4294967279,35
4294967279,34
4294967279,33
4294967279,32
4294967279,31
4294967279,30
4294967279,29
4294967279,28
4294967279,27
4294967279,26
4294967279,25
4294967278,180
4294967279,67
4294967279,180
4294967279,65
4294967279,63
4294967279,446
4294967279,445
4294967279,177
4294967279,444
4294967279,64
4294967278,175
4294967279,176
4294967279,60
4294967279,443
4294967279,442
4294967279,173
4294967279,441
4294967279,61
4294967278,374
4294967279,440
4294967279,59
4294967279,57
4294967279,439
4294967279,438
4294967279,170
4294967279,437
4294967279,58
4294967278,373
4294967279,56
3,0
4294967279,55
4294967279,436
4294967279,168
4294967278,166
4294967279,435
4294967279,54
4294967279,434
4294967279,433
4294967294,484
4294967279,165
4294967294,413
4294967294,179
4294967294,407
4294967294,1244
4294967294,425
4294967294,167
4294967294,398
4294967294,118
4294967294,180
4294967294,189
4294967294,111
4294967279,432
4294967279,52
4294967279,53
4294967279,164
4294967278,162
4294967279,50
4294967294,387
4294967278,372
4294967278,371
4294967279,49
4294967279,431
4294967279,48
4294967278,370
4294967279,47
4294967279,430
4294967279,46
4294967278,369
4294967278,368
4294967279,45
4294967279,157
4294967294,9
4294967294,1247
4294967279,156
4294967278,367
4294967279,42
4294967279,154
4294967279,429
4294967279,43
4294967278,366
4294967278,365
4294967279,428
4294967279,40
4294967279,152
4294967279,41
4294967278,364
4294967279,427
4294967279,38
4294967279,150
4294967279,426
4294967279,39
4294967278,363
4294967278,149
4294967279,37
4294967294,107
4294967278,147
4294967278,362
4294967279,36
4294967294,470
4294967294,11
4294967278,144
4294967278,143
4294967278,142
4294967278,141
4294967279,136
4294967279,279
97,5
4294967278,276
97,4
4294967279,137
97,3
97,2
97,1
4294967278,136
4294967279,134
4294967278,284
4294967278,271
4294967279,274
4294967278,270
4294967279,273
4294967278,269
4294967279,289
4294967278,282
4294967278,280
4294967278,266
96,5
96,4
4294967278,265
96,3
96,2
96,1
4294967294,22
4294967278,261
4294967278,259
4294967278,258
4294967279,284
4294967279,258
95,5
95,4
95,3
95,2
95,1
4294967279,256
4294967279,255
4294967294,426
4294967279,125
4294967279,254
4294967279,123
4294967279,252
4294967278,250
4294967279,121
4294967278,248
94,5
4294967279,248
94,4
94,3
94,2
94,1
4294967279,246
4294967279,117
4294967279,243
4294967279,107
4294967278,241
4294967279,116
4294967278,238
4294967279,115
4294967278,237
4294967279,237
